|| P - P.conj().T || =  0.0

shape of AO densities after removing duplicates =  (19802, 4, 4)
sevecs.T @ sevecs = 
[[ 1.00000000e+00 -3.61979286e-16  2.30331154e-16 -2.46767845e-16]
 [-3.61979286e-16  1.00000000e+00  8.61813891e-17  8.68809773e-17]
 [ 2.30331154e-16  8.61813891e-17  1.00000000e+00 -1.02567212e-16]
 [-2.46767845e-16  8.68809773e-17 -1.02567212e-16  1.00000000e+00]]

sevecs.conj() - sevecs = 
[[0. 0. 0. 0.]
 [0. 0. 0. 0.]
 [0. 0. 0. 0.]
 [0. 0. 0. 0.]]

|| P_{MO} - P_{MO}.conj().T || =  7.187856082474573e-17

mean(trace(P_{MO})) =  0.9999495856082625

|| P_{MO} . P_{MO} - P_{MO} || =  6.887744133685678e-07
|| Re[den[0,0]] || = 0.4999378078313813
|| Re[den[0,1]] || = 0.4072698597278978
|| Im[den[0,1]] || = 0.45877234208608497
|| Re[den[1,1]] || = 0.7547453495460261
|| Re[den[0,2]] || = 0.5106708795608743
|| Im[den[0,2]] || = 0.04106715073764912
|| Re[den[1,2]] || = 0.3834750780112885
|| Im[den[1,2]] || = 0.4994510712122062
|| Re[den[2,2]] || = 0.5332110096911113
|| Re[den[0,3]] || = 5.6833103050458496
|| Im[den[0,3]] || = 6.077415519487246
|| Re[den[1,3]] || = 10.210660100746367
|| Im[den[1,3]] || = 0.47955232803512426
|| Re[den[2,3]] || = 5.3748609115753325
|| Im[den[2,3]] || = 6.645104221914
|| Re[den[3,3]] || = 138.93988053856532
Shape of denMO on real non-zero degrees of freedom:
(19802, 10)
Shape of denMO on imag non-zero degrees of freedom:
(19802, 6)
nzreals:
{(0, 0): 0, (0, 1): 1, (1, 1): 2, (0, 2): 3, (1, 2): 4, (2, 2): 5, (0, 3): 6, (1, 3): 7, (2, 3): 8, (3, 3): 9}
nzimags:
{(0, 1): 10, (0, 2): 11, (1, 2): 12, (0, 3): 13, (1, 3): 14, (2, 3): 15}
ndof:  16
hamreals:
{(0, 0): 0, (0, 1): 1, (0, 2): 2, (0, 3): 3, (1, 1): 4, (1, 2): 5, (1, 3): 6, (2, 2): 7, (2, 3): 8, (3, 3): 9}
hamimags:
{(0, 1): 10, (0, 2): 11, (0, 3): 12, (1, 2): 13, (1, 3): 14, (2, 3): 15}
hamdof:  16
nump:  17
(272,)
['ke_data', 'en_data', 'overlap_data', 'ee_twoe_data', 'dip_data']
0.0
0.0
0.0
(3, 20001)
(3, 20001)
[[-0.699199 -0.460277  0.       -0.224096]
 [-0.460277 -0.699199  0.224096  0.      ]
 [ 0.        0.224096  0.699199  0.460277]
 [-0.224096  0.        0.460277  0.699199]]
82.43196
0.03754533588760731
0.06445811096550352
(19802, 4, 4)
82.43196
1.7235928576668853e-07
5.394830438862687e-07
