|| P - P.conj().T || =  0.0

shape of AO densities after removing duplicates =  (19802, 14, 14)
sevecs.T @ sevecs = 
[[ 1.00000000e+00  1.55929037e-16 -2.77471016e-17 -1.06752274e-16
   6.79264627e-18 -2.08628043e-16  1.24553255e-16 -1.30540812e-16
  -1.61078517e-16  2.25742231e-17  3.11463723e-16  6.25264240e-18
   1.25039839e-16 -1.77588929e-16]
 [ 1.55929037e-16  1.00000000e+00 -3.81690095e-17 -5.08329243e-18
   3.58021115e-17  6.01330139e-17  1.74102869e-16  3.84133319e-16
   1.21860335e-16  9.86081946e-18  1.43395747e-16  3.26657545e-17
  -5.25725256e-16  1.28545164e-16]
 [-2.77471016e-17 -3.81690095e-17  1.00000000e+00  2.45765281e-17
  -1.02657767e-15 -7.56402662e-17 -7.61192481e-17  3.63871424e-17
  -3.30315535e-16  1.95850930e-17 -1.59928633e-16 -2.37495844e-17
  -1.17915179e-16 -4.05258733e-17]
 [-1.06752274e-16 -5.08329243e-18  2.45765281e-17  1.00000000e+00
   1.78360893e-16  1.40068057e-17  8.74891585e-17  2.55627959e-16
   6.76712319e-17  1.26240345e-17  1.74269631e-16  1.21151960e-17
  -1.30192246e-16 -4.79812124e-17]
 [ 6.79264627e-18  3.58021115e-17 -1.02657767e-15  1.78360893e-16
   1.00000000e+00  8.94468708e-17  1.74782783e-17 -1.34435128e-17
  -1.89505012e-16  1.63075023e-16  1.40011644e-16 -1.60845799e-16
   6.61874604e-17  1.39244571e-17]
 [-2.08628043e-16  6.01330139e-17 -7.56402662e-17  1.40068057e-17
   8.94468708e-17  1.00000000e+00 -5.98550690e-18 -2.54873345e-17
   7.51818954e-17 -6.73245004e-17  1.17960481e-16 -5.46020926e-17
  -2.12361907e-17  5.17383402e-17]
 [ 1.24553255e-16  1.74102869e-16 -7.61192481e-17  8.74891585e-17
   1.74782783e-17 -5.98550690e-18  1.00000000e+00 -3.29668202e-16
   7.98246383e-18 -2.67469022e-18 -1.88782902e-16 -9.72905311e-17
   8.51533236e-18  1.71437621e-16]
 [-1.30540812e-16  3.84133319e-16  3.63871424e-17  2.55627959e-16
  -1.34435128e-17 -2.54873345e-17 -3.29668202e-16  1.00000000e+00
   1.53070541e-17 -4.65907937e-17 -5.44304885e-16  4.51236248e-17
   2.85834709e-16 -7.71470280e-17]
 [-1.61078517e-16  1.21860335e-16 -3.30315535e-16  6.76712319e-17
  -1.89505012e-16  7.51818954e-17  7.98246383e-18  1.53070541e-17
   1.00000000e+00  4.45441348e-17  9.56391340e-17 -3.03493581e-17
  -2.10527257e-17  5.97337039e-17]
 [ 2.25742231e-17  9.86081946e-18  1.95850930e-17  1.26240345e-17
   1.63075023e-16 -6.73245004e-17 -2.67469022e-18 -4.65907937e-17
   4.45441348e-17  1.00000000e+00  2.15777339e-16  1.05170687e-16
   6.67802103e-17  2.02523147e-17]
 [ 3.11463723e-16  1.43395747e-16 -1.59928633e-16  1.74269631e-16
   1.40011644e-16  1.17960481e-16 -1.88782902e-16 -5.44304885e-16
   9.56391340e-17  2.15777339e-16  1.00000000e+00 -2.48933576e-16
   1.64534510e-16  1.09016090e-16]
 [ 6.25264240e-18  3.26657545e-17 -2.37495844e-17  1.21151960e-17
  -1.60845799e-16 -5.46020926e-17 -9.72905311e-17  4.51236248e-17
  -3.03493581e-17  1.05170687e-16 -2.48933576e-16  1.00000000e+00
  -1.35659841e-16 -4.51452397e-17]
 [ 1.25039839e-16 -5.25725256e-16 -1.17915179e-16 -1.30192246e-16
   6.61874604e-17 -2.12361907e-17  8.51533236e-18  2.85834709e-16
  -2.10527257e-17  6.67802103e-17  1.64534510e-16 -1.35659841e-16
   1.00000000e+00  4.37929183e-16]
 [-1.77588929e-16  1.28545164e-16 -4.05258733e-17 -4.79812124e-17
   1.39244571e-17  5.17383402e-17  1.71437621e-16 -7.71470280e-17
   5.97337039e-17  2.02523147e-17  1.09016090e-16 -4.51452397e-17
   4.37929183e-16  1.00000000e+00]]

sevecs.conj() - sevecs = 
[[0. 0. 0. 0. 0. 0. 0. 0. 0. 0. 0. 0. 0. 0.]
 [0. 0. 0. 0. 0. 0. 0. 0. 0. 0. 0. 0. 0. 0.]
 [0. 0. 0. 0. 0. 0. 0. 0. 0. 0. 0. 0. 0. 0.]
 [0. 0. 0. 0. 0. 0. 0. 0. 0. 0. 0. 0. 0. 0.]
 [0. 0. 0. 0. 0. 0. 0. 0. 0. 0. 0. 0. 0. 0.]
 [0. 0. 0. 0. 0. 0. 0. 0. 0. 0. 0. 0. 0. 0.]
 [0. 0. 0. 0. 0. 0. 0. 0. 0. 0. 0. 0. 0. 0.]
 [0. 0. 0. 0. 0. 0. 0. 0. 0. 0. 0. 0. 0. 0.]
 [0. 0. 0. 0. 0. 0. 0. 0. 0. 0. 0. 0. 0. 0.]
 [0. 0. 0. 0. 0. 0. 0. 0. 0. 0. 0. 0. 0. 0.]
 [0. 0. 0. 0. 0. 0. 0. 0. 0. 0. 0. 0. 0. 0.]
 [0. 0. 0. 0. 0. 0. 0. 0. 0. 0. 0. 0. 0. 0.]
 [0. 0. 0. 0. 0. 0. 0. 0. 0. 0. 0. 0. 0. 0.]
 [0. 0. 0. 0. 0. 0. 0. 0. 0. 0. 0. 0. 0. 0.]]

|| P_{MO} - P_{MO}.conj().T || =  4.0696281075381314e-16

mean(trace(P_{MO})) =  7.999595224459758

|| P_{MO} . P_{MO} - P_{MO} || =  4.587685256913725e-06
|| Re[den[0,0]] || = 4.911673791900458
|| Re[den[0,1]] || = 1.3514236432061213
|| Im[den[0,1]] || = 1.3437274655595661
|| Re[den[1,1]] || = 4.463057647330719
|| Re[den[0,2]] || = 5.099861961200733e-15
|| Im[den[0,2]] || = 3.590694950395114e-15
|| Re[den[1,2]] || = 3.9050562835414225e-15
|| Im[den[1,2]] || = 3.555857694375209e-15
|| Re[den[2,2]] || = 1.5891399204443013
|| Re[den[0,3]] || = 1.8080932188251404
|| Im[den[0,3]] || = 0.882640695764014
|| Re[den[1,3]] || = 0.9743438598523229
|| Im[den[1,3]] || = 1.0172039028194813
|| Re[den[2,3]] || = 5.0359577326910636e-15
|| Im[den[2,3]] || = 1.10537038833425e-15
|| Re[den[3,3]] || = 2.0059079461692746
|| Re[den[0,4]] || = 2.9480532318423922e-15
|| Im[den[0,4]] || = 1.421933324101831e-15
|| Re[den[1,4]] || = 1.7637710223213732e-15
|| Im[den[1,4]] || = 1.66418799899994e-15
|| Re[den[2,4]] || = 0.6672748256708941
|| Im[den[2,4]] || = 0.6595116141433895
|| Re[den[3,4]] || = 3.7653786782370646e-15
|| Im[den[3,4]] || = 3.119609921485003e-15
|| Re[den[4,4]] || = 1.80450498645215
|| Re[den[0,5]] || = 1.7705111962140313e-15
|| Im[den[0,5]] || = 6.45505245474609e-16
|| Re[den[1,5]] || = 2.4677375446058332e-15
|| Im[den[1,5]] || = 1.0046171417055225e-15
|| Re[den[2,5]] || = 1.587549253413764e-15
|| Im[den[2,5]] || = 1.4272702264994214e-15
|| Re[den[3,5]] || = 1.9683823397106646e-15
|| Im[den[3,5]] || = 2.1408560994259993e-15
|| Re[den[4,5]] || = 2.46752694110829e-15
|| Im[den[4,5]] || = 8.144515866203702e-16
|| Re[den[5,5]] || = 9.066089657375063
|| Re[den[0,6]] || = 2.544129944372453
|| Im[den[0,6]] || = 2.3478203136905718
|| Re[den[1,6]] || = 15.51083133096822
|| Im[den[1,6]] || = 1.3725273043097432
|| Re[den[2,6]] || = 8.52081919073722e-15
|| Im[den[2,6]] || = 7.551812188020346e-15
|| Re[den[3,6]] || = 2.2018654026925444
|| Im[den[3,6]] || = 2.1733061760629337
|| Re[den[4,6]] || = 4.362887753071038e-15
|| Im[den[4,6]] || = 3.4769187494030358e-15
|| Re[den[5,6]] || = 2.0940273525151273e-14
|| Im[den[5,6]] || = 4.095239145447731e-15
|| Re[den[6,6]] || = 138.76249401439992
|| Re[den[0,7]] || = 11.926992582545505
|| Im[den[0,7]] || = 2.2539692932394173
|| Re[den[1,7]] || = 1.796658091972272
|| Im[den[1,7]] || = 1.7159132618044062
|| Re[den[2,7]] || = 1.4878253363727148e-14
|| Im[den[2,7]] || = 7.082770558724308e-15
|| Re[den[3,7]] || = 4.539970326959972
|| Im[den[3,7]] || = 2.056651796571828
|| Re[den[4,7]] || = 5.797911499544284e-15
|| Im[den[4,7]] || = 3.174780213822032e-15
|| Re[den[5,7]] || = 2.4453696868365268e-15
|| Im[den[5,7]] || = 2.0253601864870286e-15
|| Re[den[6,7]] || = 0.3433699303102575
|| Im[den[6,7]] || = 0.35563931334569243
|| Re[den[7,7]] || = 139.38871317686028
|| Re[den[0,8]] || = 4.947161043791085e-15
|| Im[den[0,8]] || = 2.964325062623037e-15
|| Re[den[1,8]] || = 7.277421230725913e-15
|| Im[den[1,8]] || = 2.6056884074659163e-15
|| Re[den[2,8]] || = 2.1298337508240483e-14
|| Im[den[2,8]] || = 2.0607900304542642e-14
|| Re[den[3,8]] || = 1.0127769700199548e-14
|| Im[den[3,8]] || = 3.0595907956208055e-15
|| Re[den[4,8]] || = 1.9186896150031555e-14
|| Im[den[4,8]] || = 2.0937866636649445e-14
|| Re[den[5,8]] || = 21.653053861226798
|| Im[den[5,8]] || = 26.469101923042142
|| Re[den[6,8]] || = 4.1751877957501976e-15
|| Im[den[6,8]] || = 4.5846287615041794e-15
|| Re[den[7,8]] || = 5.036874657352355e-15
|| Im[den[7,8]] || = 2.42679608443077e-15
|| Re[den[8,8]] || = 131.83268703116158
|| Re[den[0,9]] || = 1.1312031947305349e-14
|| Im[den[0,9]] || = 9.858291825139874e-15
|| Re[den[1,9]] || = 9.179659974546358e-15
|| Im[den[1,9]] || = 6.676314943814403e-15
|| Re[den[2,9]] || = 8.485905375930239
|| Im[den[2,9]] || = 6.684554569332938
|| Re[den[3,9]] || = 4.299463568203611e-14
|| Im[den[3,9]] || = 3.1410150526847306e-14
|| Re[den[4,9]] || = 6.183605519772399
|| Im[den[4,9]] || = 6.578645387522362
|| Re[den[5,9]] || = 6.574063814762765e-14
|| Im[den[5,9]] || = 7.90713426085511e-14
|| Re[den[6,9]] || = 3.4052670495709914e-15
|| Im[den[6,9]] || = 2.489811251863575e-15
|| Re[den[7,9]] || = 6.010512249013223e-15
|| Im[den[7,9]] || = 1.3122297514189822e-15
|| Re[den[8,9]] || = 1.6755920370110147e-14
|| Im[den[8,9]] || = 7.23092139159802e-15
|| Re[den[9,9]] || = 139.28421461403298
|| Re[den[0,10]] || = 7.308288415691551
|| Im[den[0,10]] || = 6.199198423213153
|| Re[den[1,10]] || = 5.7438916451002715
|| Im[den[1,10]] || = 4.0275906247489885
|| Re[den[2,10]] || = 3.563364010365621e-14
|| Im[den[2,10]] || = 2.86953676377779e-14
|| Re[den[3,10]] || = 6.731920495310327
|| Im[den[3,10]] || = 5.956721823186007
|| Re[den[4,10]] || = 1.6359856853323857e-14
|| Im[den[4,10]] || = 1.6791791873982666e-14
|| Re[den[5,10]] || = 1.2863657021228584e-14
|| Im[den[5,10]] || = 1.7258947047505905e-14
|| Re[den[6,10]] || = 0.8154739922651331
|| Im[den[6,10]] || = 0.4949930438328315
|| Re[den[7,10]] || = 0.6792293053154511
|| Im[den[7,10]] || = 0.6135460363401274
|| Re[den[8,10]] || = 2.311238128831192e-14
|| Im[den[8,10]] || = 7.178435274275382e-15
|| Re[den[9,10]] || = 5.895703552816155e-14
|| Im[den[9,10]] || = 5.455298849429396e-15
|| Re[den[10,10]] || = 139.08393347194308
|| Re[den[0,11]] || = 1.1770082104537512e-14
|| Im[den[0,11]] || = 9.265236915445851e-15
|| Re[den[1,11]] || = 1.4070394944285157e-14
|| Im[den[1,11]] || = 7.751435309378716e-15
|| Re[den[2,11]] || = 5.984033993561382
|| Im[den[2,11]] || = 5.843333930540373
|| Re[den[3,11]] || = 3.0702852637298374e-14
|| Im[den[3,11]] || = 2.898052195402081e-14
|| Re[den[4,11]] || = 9.006793361435966
|| Im[den[4,11]] || = 7.240191721052826
|| Re[den[5,11]] || = 7.45168405040125e-15
|| Im[den[5,11]] || = 4.89985845889516e-15
|| Re[den[6,11]] || = 2.2033992392412126e-14
|| Im[den[6,11]] || = 2.5548099205274618e-15
|| Re[den[7,11]] || = 5.009202093573717e-15
|| Im[den[7,11]] || = 1.3435477716007007e-15
|| Re[den[8,11]] || = 6.513979000387543e-15
|| Im[den[8,11]] || = 4.785881862163749e-15
|| Re[den[9,11]] || = 0.7107100225548418
|| Im[den[9,11]] || = 0.6701630182249038
|| Re[den[10,11]] || = 5.859950616210809e-14
|| Im[den[10,11]] || = 5.019852162932793e-15
|| Re[den[11,11]] || = 139.24444684694848
|| Re[den[0,12]] || = 15.890475002415386
|| Im[den[0,12]] || = 6.403844242863067
|| Re[den[1,12]] || = 5.407388707517772
|| Im[den[1,12]] || = 5.219082788669486
|| Re[den[2,12]] || = 2.0296444395828443e-14
|| Im[den[2,12]] || = 2.129427881489759e-14
|| Re[den[3,12]] || = 5.6893056331534995
|| Im[den[3,12]] || = 6.070222267000097
|| Re[den[4,12]] || = 1.0589074446360844e-14
|| Im[den[4,12]] || = 9.433470499550792e-15
|| Re[den[5,12]] || = 6.4420278384165225e-15
|| Im[den[5,12]] || = 3.5876731242683745e-15
|| Re[den[6,12]] || = 0.7402446674542223
|| Im[den[6,12]] || = 0.7331964670058868
|| Re[den[7,12]] || = 2.048528672202764
|| Im[den[7,12]] || = 0.4922687334606444
|| Re[den[8,12]] || = 4.954653672517756e-15
|| Im[den[8,12]] || = 3.684412512857493e-15
|| Re[den[9,12]] || = 1.166973768624878e-14
|| Im[den[9,12]] || = 4.099531693971445e-15
|| Re[den[10,12]] || = 1.069368077569475
|| Im[den[10,12]] || = 0.885670405973055
|| Re[den[11,12]] || = 1.8807972386457344e-14
|| Im[den[11,12]] || = 3.099922600453778e-15
|| Re[den[12,12]] || = 137.58787974360388
|| Re[den[0,13]] || = 5.7503820175845854
|| Im[den[0,13]] || = 5.670855124102221
|| Re[den[1,13]] || = 14.890574059732522
|| Im[den[1,13]] || = 3.027693520273635
|| Re[den[2,13]] || = 2.3219728749757843e-14
|| Im[den[2,13]] || = 2.122406785083017e-14
|| Re[den[3,13]] || = 5.869387045017862
|| Im[den[3,13]] || = 5.992327374088887
|| Re[den[4,13]] || = 1.0994707880962325e-14
|| Im[den[4,13]] || = 9.400490885087998e-15
|| Re[den[5,13]] || = 4.0357670585968526e-15
|| Im[den[5,13]] || = 3.5847143126056484e-15
|| Re[den[6,13]] || = 2.1701669964486747
|| Im[den[6,13]] || = 0.23781513559486708
|| Re[den[7,13]] || = 0.7019155664611177
|| Im[den[7,13]] || = 0.7388350248844928
|| Re[den[8,13]] || = 5.195921568334832e-15
|| Im[den[8,13]] || = 3.2393564336586293e-15
|| Re[den[9,13]] || = 6.530061662205976e-15
|| Im[den[9,13]] || = 3.059858418456974e-15
|| Re[den[10,13]] || = 0.8354987960788952
|| Im[den[10,13]] || = 0.7079799803237883
|| Re[den[11,13]] || = 9.949906563630632e-15
|| Im[den[11,13]] || = 2.0905741871432404e-15
|| Re[den[12,13]] || = 1.1051752626912466
|| Im[den[12,13]] || = 1.1564169956191905
|| Re[den[13,13]] || = 137.98824198969535
Shape of denMO on real non-zero degrees of freedom:
(19802, 49)
Shape of denMO on imag non-zero degrees of freedom:
(19802, 35)
nzreals:
{(0, 0): 0, (0, 1): 1, (1, 1): 2, (2, 2): 3, (0, 3): 4, (1, 3): 5, (3, 3): 6, (2, 4): 7, (4, 4): 8, (5, 5): 9, (0, 6): 10, (1, 6): 11, (3, 6): 12, (6, 6): 13, (0, 7): 14, (1, 7): 15, (3, 7): 16, (6, 7): 17, (7, 7): 18, (5, 8): 19, (8, 8): 20, (2, 9): 21, (4, 9): 22, (9, 9): 23, (0, 10): 24, (1, 10): 25, (3, 10): 26, (6, 10): 27, (7, 10): 28, (10, 10): 29, (2, 11): 30, (4, 11): 31, (9, 11): 32, (11, 11): 33, (0, 12): 34, (1, 12): 35, (3, 12): 36, (6, 12): 37, (7, 12): 38, (10, 12): 39, (12, 12): 40, (0, 13): 41, (1, 13): 42, (3, 13): 43, (6, 13): 44, (7, 13): 45, (10, 13): 46, (12, 13): 47, (13, 13): 48}
nzimags:
{(0, 1): 49, (0, 3): 50, (1, 3): 51, (2, 4): 52, (0, 6): 53, (1, 6): 54, (3, 6): 55, (0, 7): 56, (1, 7): 57, (3, 7): 58, (6, 7): 59, (5, 8): 60, (2, 9): 61, (4, 9): 62, (0, 10): 63, (1, 10): 64, (3, 10): 65, (6, 10): 66, (7, 10): 67, (2, 11): 68, (4, 11): 69, (9, 11): 70, (0, 12): 71, (1, 12): 72, (3, 12): 73, (6, 12): 74, (7, 12): 75, (10, 12): 76, (0, 13): 77, (1, 13): 78, (3, 13): 79, (6, 13): 80, (7, 13): 81, (10, 13): 82, (12, 13): 83}
ndof:  84
hamreals:
{(0, 0): 0, (0, 1): 1, (1, 1): 2, (2, 2): 3, (0, 3): 4, (1, 3): 5, (3, 3): 6, (2, 4): 7, (4, 4): 8, (5, 5): 9, (0, 6): 10, (1, 6): 11, (3, 6): 12, (6, 6): 13, (0, 7): 14, (1, 7): 15, (3, 7): 16, (6, 7): 17, (7, 7): 18, (5, 8): 19, (8, 8): 20, (2, 9): 21, (4, 9): 22, (9, 9): 23, (0, 10): 24, (1, 10): 25, (3, 10): 26, (6, 10): 27, (7, 10): 28, (10, 10): 29, (2, 11): 30, (4, 11): 31, (9, 11): 32, (11, 11): 33, (0, 12): 34, (1, 12): 35, (3, 12): 36, (6, 12): 37, (7, 12): 38, (10, 12): 39, (12, 12): 40, (0, 13): 41, (1, 13): 42, (3, 13): 43, (6, 13): 44, (7, 13): 45, (10, 13): 46, (12, 13): 47, (13, 13): 48}
hamimags:
{(0, 1): 49, (0, 3): 50, (1, 3): 51, (2, 4): 52, (0, 6): 53, (1, 6): 54, (3, 6): 55, (0, 7): 56, (1, 7): 57, (3, 7): 58, (6, 7): 59, (5, 8): 60, (2, 9): 61, (4, 9): 62, (0, 10): 63, (1, 10): 64, (3, 10): 65, (6, 10): 66, (7, 10): 67, (2, 11): 68, (4, 11): 69, (9, 11): 70, (0, 12): 71, (1, 12): 72, (3, 12): 73, (6, 12): 74, (7, 12): 75, (10, 12): 76, (0, 13): 77, (1, 13): 78, (3, 13): 79, (6, 13): 80, (7, 13): 81, (10, 13): 82, (12, 13): 83}
hamdof:  84
nump:  85
Training loss:  0.03290750876333481
|| Grad(loss) || at theta:  4.655016610585941e-06
